Time 	 Hydrogen 	 H 	 H+ 	 H- 	 H2 	 H2+ 
1.00000e-17 	 1.00000e-17 	 1.00000e-17 	 1.00000e-17 	 1.00000e-17 	 1.00000e-17 	 1.00000e-17
0 	 1000 	 1 	 1e-20 	 1e-20 	 2e-20 	 2e-20 
3.15e+12 	 1000 	 0.845285 	 0.000107697 	 3.64946e-12 	 0.154608 	 4.43763e-11 
6.3e+12 	 1000 	 0.730904 	 0.000107285 	 3.63317e-12 	 0.268989 	 7.24974e-11 
9.45e+12 	 1000 	 0.643564 	 0.000103431 	 3.50096e-12 	 0.356332 	 9.17763e-11 
1.26e+13 	 1000 	 0.574874 	 9.95885e-05 	 3.36942e-12 	 0.425026 	 1.05781e-10 
1.575e+13 	 1000 	 0.519695 	 9.60042e-05 	 3.24681e-12 	 0.480209 	 1.16367e-10 
1.89e+13 	 1000 	 0.474352 	 9.27094e-05 	 3.13417e-12 	 0.525555 	 1.24659e-10 
2.205e+13 	 1000 	 0.436158 	 8.96801e-05 	 3.03063e-12 	 0.563752 	 1.31377e-10 
2.52e+13 	 1000 	 0.403902 	 8.69255e-05 	 2.9365e-12 	 0.596011 	 1.36871e-10 
2.835e+13 	 1000 	 0.376072 	 8.43932e-05 	 2.84998e-12 	 0.623844 	 1.41485e-10 
3.15e+13 	 1000 	 0.351896 	 8.20717e-05 	 2.77066e-12 	 0.648022 	 1.45401e-10 
3.465e+13 	 1000 	 0.33064 	 7.99302e-05 	 2.6975e-12 	 0.66928 	 1.48777e-10 
3.78e+13 	 1000 	 0.312061 	 7.79727e-05 	 2.63062e-12 	 0.687861 	 1.51676e-10 
4.095e+13 	 1000 	 0.295367 	 7.61477e-05 	 2.56826e-12 	 0.704557 	 1.54243e-10 
4.41e+13 	 1000 	 0.280538 	 7.44644e-05 	 2.51075e-12 	 0.719388 	 1.56492e-10 
4.725e+13 	 1000 	 0.267172 	 7.28981e-05 	 2.45723e-12 	 0.732755 	 1.58495e-10 
5.04e+13 	 1000 	 0.254994 	 7.14265e-05 	 2.40694e-12 	 0.744935 	 1.60301e-10 
5.355e+13 	 1000 	 0.244001 	 7.00587e-05 	 2.36019e-12 	 0.755929 	 1.61915e-10 
5.67e+13 	 1000 	 0.234021 	 6.87839e-05 	 2.31662e-12 	 0.765911 	 1.63368e-10 
5.985e+13 	 1000 	 0.224847 	 6.75835e-05 	 2.27559e-12 	 0.775086 	 1.64693e-10 
6.3e+13 	 1000 	 0.216391 	 6.64509e-05 	 2.23687e-12 	 0.783543 	 1.65906e-10 
6.615e+13 	 1000 	 0.208656 	 6.53912e-05 	 2.20064e-12 	 0.791279 	 1.67007e-10 
6.93e+13 	 1000 	 0.201481 	 6.43879e-05 	 2.16634e-12 	 0.798455 	 1.68023e-10 
7.245e+13 	 1000 	 0.194835 	 6.34403e-05 	 2.13393e-12 	 0.805101 	 1.68959e-10 
7.56e+13 	 1000 	 0.188664 	 6.25435e-05 	 2.10326e-12 	 0.811274 	 1.69823e-10 
7.875e+13 	 1000 	 0.182922 	 6.16942e-05 	 2.07421e-12 	 0.817017 	 1.70623e-10 
8.19e+13 	 1000 	 0.177567 	 6.08887e-05 	 2.04666e-12 	 0.822372 	 1.71366e-10 
8.505e+13 	 1000 	 0.172568 	 6.01243e-05 	 2.0205e-12 	 0.827372 	 1.72057e-10 
8.82e+13 	 1000 	 0.167892 	 5.93984e-05 	 1.99567e-12 	 0.832048 	 1.72701e-10 
9.135e+13 	 1000 	 0.163505 	 5.87074e-05 	 1.97202e-12 	 0.836436 	 1.73303e-10 
9.45e+13 	 1000 	 0.159409 	 5.80526e-05 	 1.94961e-12 	 0.840533 	 1.73863e-10 
9.765e+13 	 1000 	 0.15555 	 5.74277e-05 	 1.92822e-12 	 0.844393 	 1.74389e-10 
1.008e+14 	 1000 	 0.151919 	 5.68324e-05 	 1.90784e-12 	 0.848024 	 1.74882e-10 
1.0395e+14 	 1000 	 0.148488 	 5.62625e-05 	 1.88832e-12 	 0.851456 	 1.75347e-10 
1.071e+14 	 1000 	 0.145259 	 5.57198e-05 	 1.86974e-12 	 0.854685 	 1.75783e-10 
1.1025e+14 	 1000 	 0.142191 	 5.51986e-05 	 1.85189e-12 	 0.857754 	 1.76197e-10 
1.134e+14 	 1000 	 0.139298 	 5.47014e-05 	 1.83486e-12 	 0.860647 	 1.76586e-10 
1.1655e+14 	 1000 	 0.136559 	 5.42258e-05 	 1.81857e-12 	 0.863387 	 1.76953e-10 
1.197e+14 	 1000 	 0.133958 	 5.37695e-05 	 1.80293e-12 	 0.865989 	 1.77302e-10 
1.2285e+14 	 1000 	 0.131486 	 5.33318e-05 	 1.78793e-12 	 0.86846 	 1.77632e-10 
1.26e+14 	 1000 	 0.129134 	 5.29112e-05 	 1.77352e-12 	 0.870813 	 1.77946e-10 
1.2915e+14 	 1000 	 0.126897 	 5.25075e-05 	 1.75968e-12 	 0.873051 	 1.78244e-10 
1.323e+14 	 1000 	 0.124777 	 5.21215e-05 	 1.74645e-12 	 0.875171 	 1.78526e-10 
1.3545e+14 	 1000 	 0.122751 	 5.17497e-05 	 1.73371e-12 	 0.877198 	 1.78794e-10 
1.386e+14 	 1000 	 0.120815 	 5.13915e-05 	 1.72142e-12 	 0.879133 	 1.79051e-10 
1.4175e+14 	 1000 	 0.118972 	 5.10476e-05 	 1.70963e-12 	 0.880977 	 1.79295e-10 
1.449e+14 	 1000 	 0.11721 	 5.07165e-05 	 1.69828e-12 	 0.882739 	 1.79528e-10 
1.4805e+14 	 1000 	 0.115527 	 5.03978e-05 	 1.68734e-12 	 0.884423 	 1.7975e-10 
1.512e+14 	 1000 	 0.11392 	 5.00914e-05 	 1.67683e-12 	 0.88603 	 1.79962e-10 
1.5435e+14 	 1000 	 0.112378 	 4.97954e-05 	 1.66668e-12 	 0.887572 	 1.80165e-10 
1.575e+14 	 1000 	 0.11093 	 4.95152e-05 	 1.65706e-12 	 0.88902 	 1.80355e-10 
1.6065e+14 	 1000 	 0.109524 	 4.92418e-05 	 1.64768e-12 	 0.890427 	 1.8054e-10 
1.638e+14 	 1000 	 0.108169 	 4.89767e-05 	 1.63858e-12 	 0.891782 	 1.80718e-10 
1.6695e+14 	 1000 	 0.106872 	 4.87213e-05 	 1.62982e-12 	 0.893079 	 1.80888e-10 
1.701e+14 	 1000 	 0.105631 	 4.84755e-05 	 1.62138e-12 	 0.89432 	 1.8105e-10 
1.7325e+14 	 1000 	 0.104442 	 4.82385e-05 	 1.61324e-12 	 0.89551 	 1.81206e-10 
1.764e+14 	 1000 	 0.103296 	 4.80092e-05 	 1.60537e-12 	 0.896656 	 1.81355e-10 
1.7955e+14 	 1000 	 0.102198 	 4.7788e-05 	 1.59777e-12 	 0.897755 	 1.81499e-10 
1.827e+14 	 1000 	 0.101141 	 4.75741e-05 	 1.59042e-12 	 0.898812 	 1.81637e-10 
1.8585e+14 	 1000 	 0.100126 	 4.73677e-05 	 1.58333e-12 	 0.899827 	 1.81769e-10 
1.89e+14 	 1000 	 0.099148 	 4.71678e-05 	 1.57647e-12 	 0.900805 	 1.81897e-10 
1.9215e+14 	 1000 	 0.0982095 	 4.69751e-05 	 1.56985e-12 	 0.901743 	 1.82019e-10 
1.953e+14 	 1000 	 0.0973086 	 4.67893e-05 	 1.56346e-12 	 0.902645 	 1.82136e-10 
1.9845e+14 	 1000 	 0.0964413 	 4.66096e-05 	 1.55729e-12 	 0.903512 	 1.82249e-10 
2.016e+14 	 1000 	 0.0956032 	 4.64352e-05 	 1.5513e-12 	 0.90435 	 1.82358e-10 
2.0475e+14 	 1000 	 0.0947974 	 4.62669e-05 	 1.54551e-12 	 0.905156 	 1.82462e-10 
2.079e+14 	 1000 	 0.0940187 	 4.61036e-05 	 1.5399e-12 	 0.905935 	 1.82564e-10 
2.1105e+14 	 1000 	 0.0932804 	 4.5948e-05 	 1.53455e-12 	 0.906674 	 1.82659e-10 
2.142e+14 	 1000 	 0.0925587 	 4.57956e-05 	 1.52931e-12 	 0.907395 	 1.82753e-10 
2.1735e+14 	 1000 	 0.0918721 	 4.56499e-05 	 1.5243e-12 	 0.908082 	 1.82842e-10 
2.205e+14 	 1000 	 0.0912 	 4.55068e-05 	 1.51938e-12 	 0.908755 	 1.82929e-10 
2.2365e+14 	 1000 	 0.0905506 	 4.53682e-05 	 1.51461e-12 	 0.909404 	 1.83013e-10 
2.268e+14 	 1000 	 0.0899248 	 4.5234e-05 	 1.51e-12 	 0.91003 	 1.83094e-10 
2.2995e+14 	 1000 	 0.0893228 	 4.51046e-05 	 1.50555e-12 	 0.910632 	 1.83172e-10 
2.331e+14 	 1000 	 0.0887396 	 4.49788e-05 	 1.50122e-12 	 0.911215 	 1.83247e-10 
2.3625e+14 	 1000 	 0.0881765 	 4.48569e-05 	 1.49703e-12 	 0.911779 	 1.8332e-10 
2.394e+14 	 1000 	 0.0876403 	 4.47406e-05 	 1.49302e-12 	 0.912315 	 1.83389e-10 
2.4255e+14 	 1000 	 0.087115 	 4.46263e-05 	 1.48909e-12 	 0.91284 	 1.83457e-10 
2.457e+14 	 1000 	 0.0866143 	 4.4517e-05 	 1.48533e-12 	 0.913341 	 1.83522e-10 
2.4885e+14 	 1000 	 0.0861235 	 4.44096e-05 	 1.48164e-12 	 0.913832 	 1.83585e-10 
2.52e+14 	 1000 	 0.0856496 	 4.43057e-05 	 1.47806e-12 	 0.914306 	 1.83646e-10 
2.5515e+14 	 1000 	 0.0851916 	 4.42049e-05 	 1.47459e-12 	 0.914764 	 1.83705e-10 
2.583e+14 	 1000 	 0.0847487 	 4.41073e-05 	 1.47123e-12 	 0.915207 	 1.83762e-10 
2.6145e+14 	 1000 	 0.0843201 	 4.40125e-05 	 1.46797e-12 	 0.915636 	 1.83817e-10 
2.646e+14 	 1000 	 0.0839058 	 4.39208e-05 	 1.46481e-12 	 0.91605 	 1.83871e-10 
2.6775e+14 	 1000 	 0.0835053 	 4.38318e-05 	 1.46175e-12 	 0.916451 	 1.83922e-10 
2.709e+14 	 1000 	 0.0831223 	 4.37466e-05 	 1.45881e-12 	 0.916834 	 1.83972e-10 
2.7405e+14 	 1000 	 0.0827471 	 4.36629e-05 	 1.45593e-12 	 0.917209 	 1.8402e-10 
2.772e+14 	 1000 	 0.0823846 	 4.35819e-05 	 1.45314e-12 	 0.917572 	 1.84067e-10 
2.8035e+14 	 1000 	 0.0820327 	 4.35031e-05 	 1.45043e-12 	 0.917924 	 1.84112e-10 
2.835e+14 	 1000 	 0.0816921 	 4.34267e-05 	 1.4478e-12 	 0.918264 	 1.84156e-10 
2.8665e+14 	 1000 	 0.0813624 	 4.33525e-05 	 1.44525e-12 	 0.918594 	 1.84198e-10 
2.898e+14 	 1000 	 0.081044 	 4.32808e-05 	 1.44278e-12 	 0.918913 	 1.84239e-10 
2.9295e+14 	 1000 	 0.0807346 	 4.3211e-05 	 1.44037e-12 	 0.919222 	 1.84279e-10 
2.961e+14 	 1000 	 0.0804352 	 4.31434e-05 	 1.43804e-12 	 0.919522 	 1.84317e-10 
2.9925e+14 	 1000 	 0.0801451 	 4.30777e-05 	 1.43578e-12 	 0.919812 	 1.84355e-10 
3.024e+14 	 1000 	 0.0798643 	 4.3014e-05 	 1.43359e-12 	 0.920093 	 1.84391e-10 
3.0555e+14 	 1000 	 0.0795956 	 4.2953e-05 	 1.43148e-12 	 0.920361 	 1.84425e-10 
3.087e+14 	 1000 	 0.0793321 	 4.2893e-05 	 1.42942e-12 	 0.920625 	 1.84459e-10 
3.1185e+14 	 1000 	 0.0790766 	 4.28348e-05 	 1.42741e-12 	 0.920881 	 1.84492e-10 
3.15e+14 	 1000 	 0.0788288 	 4.27783e-05 	 1.42546e-12 	 0.921128 	 1.84523e-10 
3.1815e+14 	 1000 	 0.078589 	 4.27235e-05 	 1.42358e-12 	 0.921368 	 1.84554e-10 
3.213e+14 	 1000 	 0.0783563 	 4.26702e-05 	 1.42174e-12 	 0.921601 	 1.84584e-10 
3.2445e+14 	 1000 	 0.0781312 	 4.26187e-05 	 1.41996e-12 	 0.921826 	 1.84613e-10 
3.276e+14 	 1000 	 0.077913 	 4.25686e-05 	 1.41824e-12 	 0.922044 	 1.84641e-10 
3.3075e+14 	 1000 	 0.0777011 	 4.25199e-05 	 1.41656e-12 	 0.922256 	 1.84668e-10 
3.339e+14 	 1000 	 0.0774957 	 4.24727e-05 	 1.41493e-12 	 0.922462 	 1.84694e-10 
3.3705e+14 	 1000 	 0.0772968 	 4.24269e-05 	 1.41335e-12 	 0.922661 	 1.8472e-10 
3.402e+14 	 1000 	 0.0771038 	 4.23824e-05 	 1.41182e-12 	 0.922854 	 1.84745e-10 
3.4335e+14 	 1000 	 0.0769163 	 4.23391e-05 	 1.41033e-12 	 0.923041 	 1.84769e-10 
3.465e+14 	 1000 	 0.0767346 	 4.22971e-05 	 1.40888e-12 	 0.923223 	 1.84792e-10 
3.4965e+14 	 1000 	 0.0765585 	 4.22564e-05 	 1.40748e-12 	 0.923399 	 1.84815e-10 
3.528e+14 	 1000 	 0.0763874 	 4.22168e-05 	 1.40611e-12 	 0.92357 	 1.84836e-10 
3.5595e+14 	 1000 	 0.0762216 	 4.21783e-05 	 1.40479e-12 	 0.923736 	 1.84858e-10 
3.591e+14 	 1000 	 0.0760609 	 4.2141e-05 	 1.4035e-12 	 0.923897 	 1.84878e-10 
3.6225e+14 	 1000 	 0.0759049 	 4.21048e-05 	 1.40225e-12 	 0.924053 	 1.84898e-10 
3.654e+14 	 1000 	 0.0757534 	 4.20696e-05 	 1.40104e-12 	 0.924204 	 1.84918e-10 
3.6855e+14 	 1000 	 0.0756067 	 4.20355e-05 	 1.39986e-12 	 0.924351 	 1.84936e-10 
3.717e+14 	 1000 	 0.0754641 	 4.20023e-05 	 1.39872e-12 	 0.924494 	 1.84955e-10 
3.7485e+14 	 1000 	 0.0753257 	 4.197e-05 	 1.3976e-12 	 0.924632 	 1.84972e-10 
3.78e+14 	 1000 	 0.0751931 	 4.19391e-05 	 1.39654e-12 	 0.924765 	 1.84989e-10 
3.8115e+14 	 1000 	 0.075063 	 4.19087e-05 	 1.39549e-12 	 0.924895 	 1.85006e-10 
3.843e+14 	 1000 	 0.0749365 	 4.18792e-05 	 1.39447e-12 	 0.925022 	 1.85022e-10 
3.8745e+14 	 1000 	 0.0748139 	 4.18505e-05 	 1.39348e-12 	 0.925144 	 1.85038e-10 
3.906e+14 	 1000 	 0.0746951 	 4.18227e-05 	 1.39252e-12 	 0.925263 	 1.85053e-10 
3.9375e+14 	 1000 	 0.0745794 	 4.17956e-05 	 1.39159e-12 	 0.925379 	 1.85068e-10 
3.969e+14 	 1000 	 0.0744672 	 4.17693e-05 	 1.39068e-12 	 0.925491 	 1.85082e-10 
4.0005e+14 	 1000 	 0.0743581 	 4.17437e-05 	 1.3898e-12 	 0.9256 	 1.85096e-10 
4.032e+14 	 1000 	 0.0742523 	 4.17189e-05 	 1.38895e-12 	 0.925706 	 1.8511e-10 
4.0635e+14 	 1000 	 0.0741495 	 4.16948e-05 	 1.38811e-12 	 0.925809 	 1.85123e-10 
4.095e+14 	 1000 	 0.074051 	 4.16716e-05 	 1.38732e-12 	 0.925907 	 1.85135e-10 
4.1265e+14 	 1000 	 0.0739542 	 4.16489e-05 	 1.38653e-12 	 0.926004 	 1.85148e-10 
4.158e+14 	 1000 	 0.0738613 	 4.1627e-05 	 1.38578e-12 	 0.926097 	 1.8516e-10 
4.1895e+14 	 1000 	 0.0737702 	 4.16056e-05 	 1.38504e-12 	 0.926188 	 1.85171e-10 
4.221e+14 	 1000 	 0.0736817 	 4.15847e-05 	 1.38432e-12 	 0.926277 	 1.85183e-10 
4.2525e+14 	 1000 	 0.0735957 	 4.15645e-05 	 1.38362e-12 	 0.926363 	 1.85194e-10 
4.284e+14 	 1000 	 0.0735123 	 4.15448e-05 	 1.38294e-12 	 0.926446 	 1.85204e-10 
4.3155e+14 	 1000 	 0.0734313 	 4.15257e-05 	 1.38228e-12 	 0.926527 	 1.85215e-10 
4.347e+14 	 1000 	 0.0733524 	 4.15071e-05 	 1.38164e-12 	 0.926606 	 1.85225e-10 
4.3785e+14 	 1000 	 0.0732758 	 4.1489e-05 	 1.38102e-12 	 0.926683 	 1.85235e-10 
4.41e+14 	 1000 	 0.0732016 	 4.14715e-05 	 1.38041e-12 	 0.926757 	 1.85244e-10 
4.4415e+14 	 1000 	 0.0731293 	 4.14544e-05 	 1.37982e-12 	 0.926829 	 1.85253e-10 
4.473e+14 	 1000 	 0.0730591 	 4.14378e-05 	 1.37925e-12 	 0.926899 	 1.85262e-10 
4.5045e+14 	 1000 	 0.0729911 	 4.14217e-05 	 1.37869e-12 	 0.926968 	 1.85271e-10 
4.536e+14 	 1000 	 0.0729251 	 4.14061e-05 	 1.37816e-12 	 0.927034 	 1.85279e-10 
4.5675e+14 	 1000 	 0.0728608 	 4.13909e-05 	 1.37763e-12 	 0.927098 	 1.85288e-10 
4.599e+14 	 1000 	 0.0727984 	 4.13761e-05 	 1.37712e-12 	 0.92716 	 1.85296e-10 
4.6305e+14 	 1000 	 0.0727379 	 4.13618e-05 	 1.37663e-12 	 0.927221 	 1.85303e-10 
4.662e+14 	 1000 	 0.0726789 	 4.13478e-05 	 1.37614e-12 	 0.92728 	 1.85311e-10 
4.6935e+14 	 1000 	 0.0726218 	 4.13343e-05 	 1.37568e-12 	 0.927337 	 1.85318e-10 
4.725e+14 	 1000 	 0.0725663 	 4.13211e-05 	 1.37522e-12 	 0.927392 	 1.85325e-10 
4.7565e+14 	 1000 	 0.0725123 	 4.13083e-05 	 1.37478e-12 	 0.927446 	 1.85332e-10 
4.788e+14 	 1000 	 0.0724599 	 4.12959e-05 	 1.37435e-12 	 0.927499 	 1.85339e-10 
4.8195e+14 	 1000 	 0.072409 	 4.12838e-05 	 1.37394e-12 	 0.92755 	 1.85345e-10 
4.851e+14 	 1000 	 0.0723595 	 4.1272e-05 	 1.37353e-12 	 0.927599 	 1.85352e-10 
4.8825e+14 	 1000 	 0.0723116 	 4.12607e-05 	 1.37314e-12 	 0.927647 	 1.85358e-10 
4.914e+14 	 1000 	 0.0722648 	 4.12496e-05 	 1.37275e-12 	 0.927694 	 1.85364e-10 
4.9455e+14 	 1000 	 0.0722194 	 4.12388e-05 	 1.37238e-12 	 0.927739 	 1.8537e-10 
4.977e+14 	 1000 	 0.0721753 	 4.12283e-05 	 1.37202e-12 	 0.927783 	 1.85375e-10 
5.0085e+14 	 1000 	 0.0721325 	 4.12181e-05 	 1.37167e-12 	 0.927826 	 1.85381e-10 
5.04e+14 	 1000 	 0.0720909 	 4.12082e-05 	 1.37133e-12 	 0.927868 	 1.85386e-10 
5.0715e+14 	 1000 	 0.0720504 	 4.11986e-05 	 1.371e-12 	 0.927908 	 1.85391e-10 
5.103e+14 	 1000 	 0.0720111 	 4.11892e-05 	 1.37067e-12 	 0.927948 	 1.85396e-10 
5.1345e+14 	 1000 	 0.071973 	 4.11801e-05 	 1.37036e-12 	 0.927986 	 1.85401e-10 
5.166e+14 	 1000 	 0.071936 	 4.11713e-05 	 1.37006e-12 	 0.928023 	 1.85406e-10 
5.1975e+14 	 1000 	 0.0718999 	 4.11627e-05 	 1.36976e-12 	 0.928059 	 1.8541e-10 
5.229e+14 	 1000 	 0.0718649 	 4.11544e-05 	 1.36947e-12 	 0.928094 	 1.85415e-10 
5.2605e+14 	 1000 	 0.0718309 	 4.11463e-05 	 1.36919e-12 	 0.928128 	 1.85419e-10 
5.292e+14 	 1000 	 0.0717978 	 4.11384e-05 	 1.36892e-12 	 0.928161 	 1.85423e-10 
5.3235e+14 	 1000 	 0.071766 	 4.11308e-05 	 1.36866e-12 	 0.928193 	 1.85427e-10 
5.355e+14 	 1000 	 0.0717348 	 4.11234e-05 	 1.3684e-12 	 0.928224 	 1.85431e-10 
5.3865e+14 	 1000 	 0.0717048 	 4.11163e-05 	 1.36815e-12 	 0.928254 	 1.85435e-10 
5.418e+14 	 1000 	 0.0716754 	 4.11092e-05 	 1.36791e-12 	 0.928284 	 1.85439e-10 
5.4495e+14 	 1000 	 0.0716467 	 4.11024e-05 	 1.36768e-12 	 0.928312 	 1.85443e-10 
5.481e+14 	 1000 	 0.0716188 	 4.10957e-05 	 1.36745e-12 	 0.92834 	 1.85446e-10 
5.5125e+14 	 1000 	 0.0715917 	 4.10893e-05 	 1.36722e-12 	 0.928367 	 1.8545e-10 
5.544e+14 	 1000 	 0.0715654 	 4.1083e-05 	 1.36701e-12 	 0.928394 	 1.85453e-10 
5.5755e+14 	 1000 	 0.0715398 	 4.10769e-05 	 1.3668e-12 	 0.928419 	 1.85456e-10 
5.607e+14 	 1000 	 0.071515 	 4.1071e-05 	 1.36659e-12 	 0.928444 	 1.85459e-10 
5.6385e+14 	 1000 	 0.0714909 	 4.10652e-05 	 1.36639e-12 	 0.928468 	 1.85463e-10 
5.67e+14 	 1000 	 0.0714674 	 4.10596e-05 	 1.3662e-12 	 0.928491 	 1.85465e-10 
5.7015e+14 	 1000 	 0.0714447 	 4.10542e-05 	 1.36601e-12 	 0.928514 	 1.85468e-10 
5.733e+14 	 1000 	 0.0714225 	 4.10489e-05 	 1.36583e-12 	 0.928536 	 1.85471e-10 
5.7645e+14 	 1000 	 0.071401 	 4.10437e-05 	 1.36565e-12 	 0.928558 	 1.85474e-10 
5.796e+14 	 1000 	 0.0713801 	 4.10387e-05 	 1.36548e-12 	 0.928579 	 1.85477e-10 
5.8275e+14 	 1000 	 0.0713598 	 4.10339e-05 	 1.36531e-12 	 0.928599 	 1.85479e-10 
5.859e+14 	 1000 	 0.0713401 	 4.10292e-05 	 1.36515e-12 	 0.928619 	 1.85482e-10 
5.8905e+14 	 1000 	 0.0713209 	 4.10246e-05 	 1.36499e-12 	 0.928638 	 1.85484e-10 
5.922e+14 	 1000 	 0.0713022 	 4.10201e-05 	 1.36484e-12 	 0.928657 	 1.85487e-10 
5.9535e+14 	 1000 	 0.0712841 	 4.10158e-05 	 1.36469e-12 	 0.928675 	 1.85489e-10 
5.985e+14 	 1000 	 0.0712664 	 4.10116e-05 	 1.36454e-12 	 0.928693 	 1.85491e-10 
6.0165e+14 	 1000 	 0.0712493 	 4.10075e-05 	 1.3644e-12 	 0.92871 	 1.85493e-10 
6.048e+14 	 1000 	 0.0712327 	 4.10035e-05 	 1.36426e-12 	 0.928726 	 1.85495e-10 
6.0795e+14 	 1000 	 0.0712165 	 4.09996e-05 	 1.36413e-12 	 0.928743 	 1.85498e-10 
6.111e+14 	 1000 	 0.0712007 	 4.09959e-05 	 1.364e-12 	 0.928758 	 1.855e-10 
6.1425e+14 	 1000 	 0.0711854 	 4.09922e-05 	 1.36387e-12 	 0.928774 	 1.85501e-10 
6.174e+14 	 1000 	 0.0711707 	 4.09887e-05 	 1.36375e-12 	 0.928788 	 1.85503e-10 
6.2055e+14 	 1000 	 0.0711564 	 4.09853e-05 	 1.36363e-12 	 0.928803 	 1.85505e-10 
6.237e+14 	 1000 	 0.0711424 	 4.09819e-05 	 1.36352e-12 	 0.928817 	 1.85507e-10 
6.2685e+14 	 1000 	 0.0711287 	 4.09786e-05 	 1.3634e-12 	 0.92883 	 1.85509e-10 
6.3e+14 	 1000 	 0.0711156 	 4.09755e-05 	 1.3633e-12 	 0.928843 	 1.8551e-10 
6.3315e+14 	 1000 	 0.0711027 	 4.09724e-05 	 1.36319e-12 	 0.928856 	 1.85512e-10 
6.363e+14 	 1000 	 0.0710902 	 4.09694e-05 	 1.36309e-12 	 0.928869 	 1.85514e-10 
6.3945e+14 	 1000 	 0.071078 	 4.09665e-05 	 1.36299e-12 	 0.928881 	 1.85515e-10 
6.426e+14 	 1000 	 0.0710662 	 4.09636e-05 	 1.36289e-12 	 0.928893 	 1.85517e-10 
6.4575e+14 	 1000 	 0.0710547 	 4.09609e-05 	 1.36279e-12 	 0.928904 	 1.85518e-10 
6.489e+14 	 1000 	 0.0710435 	 4.09582e-05 	 1.3627e-12 	 0.928916 	 1.8552e-10 
6.5205e+14 	 1000 	 0.0710326 	 4.09556e-05 	 1.36261e-12 	 0.928926 	 1.85521e-10 
6.552e+14 	 1000 	 0.071022 	 4.09531e-05 	 1.36252e-12 	 0.928937 	 1.85522e-10 
6.5835e+14 	 1000 	 0.0710118 	 4.09506e-05 	 1.36244e-12 	 0.928947 	 1.85524e-10 
6.615e+14 	 1000 	 0.0710018 	 4.09482e-05 	 1.36236e-12 	 0.928957 	 1.85525e-10 
6.6465e+14 	 1000 	 0.0709921 	 4.09459e-05 	 1.36228e-12 	 0.928967 	 1.85526e-10 
6.678e+14 	 1000 	 0.0709827 	 4.09436e-05 	 1.3622e-12 	 0.928976 	 1.85527e-10 
6.7095e+14 	 1000 	 0.0709735 	 4.09414e-05 	 1.36212e-12 	 0.928986 	 1.85529e-10 
6.741e+14 	 1000 	 0.0709646 	 4.09393e-05 	 1.36205e-12 	 0.928994 	 1.8553e-10 
6.7725e+14 	 1000 	 0.0709559 	 4.09372e-05 	 1.36198e-12 	 0.929003 	 1.85531e-10 
6.804e+14 	 1000 	 0.0709476 	 4.09352e-05 	 1.36191e-12 	 0.929011 	 1.85532e-10 
6.8355e+14 	 1000 	 0.0709394 	 4.09333e-05 	 1.36184e-12 	 0.92902 	 1.85533e-10 
6.867e+14 	 1000 	 0.0709314 	 4.09314e-05 	 1.36177e-12 	 0.929028 	 1.85534e-10 
6.8985e+14 	 1000 	 0.0709237 	 4.09295e-05 	 1.36171e-12 	 0.929035 	 1.85535e-10 
6.93e+14 	 1000 	 0.0709162 	 4.09277e-05 	 1.36165e-12 	 0.929043 	 1.85536e-10 
6.9615e+14 	 1000 	 0.0709089 	 4.0926e-05 	 1.36159e-12 	 0.92905 	 1.85537e-10 
6.993e+14 	 1000 	 0.0709018 	 4.09243e-05 	 1.36153e-12 	 0.929057 	 1.85538e-10 
7.0245e+14 	 1000 	 0.0708949 	 4.09226e-05 	 1.36147e-12 	 0.929064 	 1.85539e-10 
7.056e+14 	 1000 	 0.0708883 	 4.0921e-05 	 1.36142e-12 	 0.929071 	 1.85539e-10 
7.0875e+14 	 1000 	 0.0708818 	 4.09195e-05 	 1.36136e-12 	 0.929077 	 1.8554e-10 
7.119e+14 	 1000 	 0.0708754 	 4.09179e-05 	 1.36131e-12 	 0.929084 	 1.85541e-10 
7.1505e+14 	 1000 	 0.0708693 	 4.09165e-05 	 1.36126e-12 	 0.92909 	 1.85542e-10 
7.182e+14 	 1000 	 0.0708634 	 4.09151e-05 	 1.36121e-12 	 0.929096 	 1.85543e-10 
7.2135e+14 	 1000 	 0.0708575 	 4.09137e-05 	 1.36116e-12 	 0.929102 	 1.85543e-10 
7.245e+14 	 1000 	 0.0708519 	 4.09123e-05 	 1.36112e-12 	 0.929107 	 1.85544e-10 
7.2765e+14 	 1000 	 0.0708464 	 4.0911e-05 	 1.36107e-12 	 0.929113 	 1.85545e-10 
7.308e+14 	 1000 	 0.070841 	 4.09097e-05 	 1.36103e-12 	 0.929118 	 1.85545e-10 
7.3395e+14 	 1000 	 0.0708358 	 4.09084e-05 	 1.36098e-12 	 0.929123 	 1.85546e-10 
7.371e+14 	 1000 	 0.0708307 	 4.09072e-05 	 1.36094e-12 	 0.929128 	 1.85547e-10 
7.4025e+14 	 1000 	 0.0708259 	 4.09061e-05 	 1.3609e-12 	 0.929133 	 1.85547e-10 
7.434e+14 	 1000 	 0.0708211 	 4.09049e-05 	 1.36086e-12 	 0.929138 	 1.85548e-10 
7.4655e+14 	 1000 	 0.0708165 	 4.09038e-05 	 1.36082e-12 	 0.929143 	 1.85549e-10 
7.497e+14 	 1000 	 0.0708119 	 4.09027e-05 	 1.36078e-12 	 0.929147 	 1.85549e-10 
7.5285e+14 	 1000 	 0.0708076 	 4.09017e-05 	 1.36075e-12 	 0.929152 	 1.8555e-10 
7.56e+14 	 1000 	 0.0708033 	 4.09006e-05 	 1.36071e-12 	 0.929156 	 1.8555e-10 
7.5915e+14 	 1000 	 0.0707991 	 4.08997e-05 	 1.36068e-12 	 0.92916 	 1.85551e-10 
7.623e+14 	 1000 	 0.0707951 	 4.08987e-05 	 1.36065e-12 	 0.929164 	 1.85551e-10 
7.6545e+14 	 1000 	 0.0707912 	 4.08977e-05 	 1.36061e-12 	 0.929168 	 1.85552e-10 
7.686e+14 	 1000 	 0.0707873 	 4.08968e-05 	 1.36058e-12 	 0.929172 	 1.85552e-10 
7.7175e+14 	 1000 	 0.0707836 	 4.08959e-05 	 1.36055e-12 	 0.929175 	 1.85553e-10 
7.749e+14 	 1000 	 0.07078 	 4.08951e-05 	 1.36052e-12 	 0.929179 	 1.85553e-10 
7.7805e+14 	 1000 	 0.0707765 	 4.08942e-05 	 1.36049e-12 	 0.929183 	 1.85554e-10 
7.812e+14 	 1000 	 0.0707731 	 4.08934e-05 	 1.36046e-12 	 0.929186 	 1.85554e-10 
7.8435e+14 	 1000 	 0.0707698 	 4.08926e-05 	 1.36044e-12 	 0.929189 	 1.85555e-10 
7.875e+14 	 1000 	 0.0707666 	 4.08918e-05 	 1.36041e-12 	 0.929193 	 1.85555e-10 
7.9065e+14 	 1000 	 0.0707635 	 4.08911e-05 	 1.36038e-12 	 0.929196 	 1.85555e-10 
7.938e+14 	 1000 	 0.0707604 	 4.08904e-05 	 1.36036e-12 	 0.929199 	 1.85556e-10 
7.9695e+14 	 1000 	 0.0707575 	 4.08897e-05 	 1.36033e-12 	 0.929202 	 1.85556e-10 
8.001e+14 	 1000 	 0.0707546 	 4.0889e-05 	 1.36031e-12 	 0.929205 	 1.85556e-10 
8.0325e+14 	 1000 	 0.0707518 	 4.08883e-05 	 1.36029e-12 	 0.929207 	 1.85557e-10 
8.064e+14 	 1000 	 0.0707491 	 4.08876e-05 	 1.36026e-12 	 0.92921 	 1.85557e-10 
8.0955e+14 	 1000 	 0.0707465 	 4.0887e-05 	 1.36024e-12 	 0.929213 	 1.85557e-10 
8.127e+14 	 1000 	 0.0707439 	 4.08864e-05 	 1.36022e-12 	 0.929215 	 1.85558e-10 
8.1585e+14 	 1000 	 0.0707414 	 4.08858e-05 	 1.3602e-12 	 0.929218 	 1.85558e-10 
8.19e+14 	 1000 	 0.070739 	 4.08852e-05 	 1.36018e-12 	 0.92922 	 1.85558e-10 
8.2215e+14 	 1000 	 0.0707366 	 4.08847e-05 	 1.36016e-12 	 0.929222 	 1.85559e-10 
8.253e+14 	 1000 	 0.0707343 	 4.08841e-05 	 1.36014e-12 	 0.929225 	 1.85559e-10 
8.2845e+14 	 1000 	 0.0707321 	 4.08836e-05 	 1.36012e-12 	 0.929227 	 1.85559e-10 
8.316e+14 	 1000 	 0.0707299 	 4.08831e-05 	 1.36011e-12 	 0.929229 	 1.8556e-10 
8.3475e+14 	 1000 	 0.0707278 	 4.08825e-05 	 1.36009e-12 	 0.929231 	 1.8556e-10 
8.379e+14 	 1000 	 0.0707258 	 4.08821e-05 	 1.36007e-12 	 0.929233 	 1.8556e-10 
8.4105e+14 	 1000 	 0.0707238 	 4.08816e-05 	 1.36006e-12 	 0.929235 	 1.8556e-10 
8.442e+14 	 1000 	 0.0707219 	 4.08811e-05 	 1.36004e-12 	 0.929237 	 1.85561e-10 
8.4735e+14 	 1000 	 0.07072 	 4.08807e-05 	 1.36002e-12 	 0.929239 	 1.85561e-10 
8.505e+14 	 1000 	 0.0707182 	 4.08802e-05 	 1.36001e-12 	 0.929241 	 1.85561e-10 
8.5365e+14 	 1000 	 0.0707164 	 4.08798e-05 	 1.35999e-12 	 0.929243 	 1.85561e-10 
8.568e+14 	 1000 	 0.0707147 	 4.08794e-05 	 1.35998e-12 	 0.929244 	 1.85562e-10 
8.5995e+14 	 1000 	 0.070713 	 4.0879e-05 	 1.35997e-12 	 0.929246 	 1.85562e-10 
8.631e+14 	 1000 	 0.0707114 	 4.08786e-05 	 1.35995e-12 	 0.929248 	 1.85562e-10 
8.6625e+14 	 1000 	 0.0707098 	 4.08782e-05 	 1.35994e-12 	 0.929249 	 1.85562e-10 
8.694e+14 	 1000 	 0.0707082 	 4.08778e-05 	 1.35993e-12 	 0.929251 	 1.85562e-10 
8.7255e+14 	 1000 	 0.0707067 	 4.08775e-05 	 1.35991e-12 	 0.929252 	 1.85563e-10 
8.757e+14 	 1000 	 0.0707053 	 4.08771e-05 	 1.3599e-12 	 0.929254 	 1.85563e-10 
8.7885e+14 	 1000 	 0.0707039 	 4.08768e-05 	 1.35989e-12 	 0.929255 	 1.85563e-10 
8.82e+14 	 1000 	 0.0707025 	 4.08765e-05 	 1.35988e-12 	 0.929257 	 1.85563e-10 
8.8515e+14 	 1000 	 0.0707011 	 4.08761e-05 	 1.35987e-12 	 0.929258 	 1.85563e-10 
8.883e+14 	 1000 	 0.0706998 	 4.08758e-05 	 1.35986e-12 	 0.929259 	 1.85563e-10 
8.9145e+14 	 1000 	 0.0706986 	 4.08755e-05 	 1.35985e-12 	 0.929261 	 1.85564e-10 
8.946e+14 	 1000 	 0.0706974 	 4.08752e-05 	 1.35984e-12 	 0.929262 	 1.85564e-10 
8.9775e+14 	 1000 	 0.0706962 	 4.0875e-05 	 1.35983e-12 	 0.929263 	 1.85564e-10 
9.009e+14 	 1000 	 0.070695 	 4.08747e-05 	 1.35982e-12 	 0.929264 	 1.85564e-10 
9.0405e+14 	 1000 	 0.0706939 	 4.08744e-05 	 1.35981e-12 	 0.929265 	 1.85564e-10 
9.072e+14 	 1000 	 0.0706928 	 4.08741e-05 	 1.3598e-12 	 0.929266 	 1.85564e-10 
9.1035e+14 	 1000 	 0.0706917 	 4.08739e-05 	 1.35979e-12 	 0.929267 	 1.85564e-10 
9.135e+14 	 1000 	 0.0706907 	 4.08736e-05 	 1.35978e-12 	 0.929268 	 1.85565e-10 
9.1665e+14 	 1000 	 0.0706897 	 4.08734e-05 	 1.35977e-12 	 0.929269 	 1.85565e-10 
9.198e+14 	 1000 	 0.0706887 	 4.08732e-05 	 1.35976e-12 	 0.92927 	 1.85565e-10 
9.2295e+14 	 1000 	 0.0706877 	 4.08729e-05 	 1.35976e-12 	 0.929271 	 1.85565e-10 
9.261e+14 	 1000 	 0.0706868 	 4.08727e-05 	 1.35975e-12 	 0.929272 	 1.85565e-10 
9.2925e+14 	 1000 	 0.0706859 	 4.08725e-05 	 1.35974e-12 	 0.929273 	 1.85565e-10 
9.324e+14 	 1000 	 0.070685 	 4.08723e-05 	 1.35973e-12 	 0.929274 	 1.85565e-10 
9.3555e+14 	 1000 	 0.0706842 	 4.08721e-05 	 1.35973e-12 	 0.929275 	 1.85565e-10 
9.387e+14 	 1000 	 0.0706833 	 4.08719e-05 	 1.35972e-12 	 0.929276 	 1.85566e-10 
9.4185e+14 	 1000 	 0.0706825 	 4.08717e-05 	 1.35971e-12 	 0.929277 	 1.85566e-10 
9.45e+14 	 1000 	 0.0706818 	 4.08715e-05 	 1.35971e-12 	 0.929277 	 1.85566e-10 
9.4815e+14 	 1000 	 0.070681 	 4.08713e-05 	 1.3597e-12 	 0.929278 	 1.85566e-10 
9.513e+14 	 1000 	 0.0706803 	 4.08711e-05 	 1.35969e-12 	 0.929279 	 1.85566e-10 
9.5445e+14 	 1000 	 0.0706795 	 4.0871e-05 	 1.35969e-12 	 0.92928 	 1.85566e-10 
9.576e+14 	 1000 	 0.0706788 	 4.08708e-05 	 1.35968e-12 	 0.92928 	 1.85566e-10 
9.6075e+14 	 1000 	 0.0706782 	 4.08706e-05 	 1.35968e-12 	 0.929281 	 1.85566e-10 
9.639e+14 	 1000 	 0.0706775 	 4.08705e-05 	 1.35967e-12 	 0.929282 	 1.85566e-10 
9.6705e+14 	 1000 	 0.0706769 	 4.08703e-05 	 1.35967e-12 	 0.929282 	 1.85566e-10 
9.702e+14 	 1000 	 0.0706762 	 4.08702e-05 	 1.35966e-12 	 0.929283 	 1.85566e-10 
9.7335e+14 	 1000 	 0.0706756 	 4.087e-05 	 1.35966e-12 	 0.929284 	 1.85567e-10 
9.765e+14 	 1000 	 0.070675 	 4.08699e-05 	 1.35965e-12 	 0.929284 	 1.85567e-10 
9.7965e+14 	 1000 	 0.0706745 	 4.08697e-05 	 1.35965e-12 	 0.929285 	 1.85567e-10 
9.828e+14 	 1000 	 0.0706739 	 4.08696e-05 	 1.35964e-12 	 0.929285 	 1.85567e-10 
9.8595e+14 	 1000 	 0.0706734 	 4.08695e-05 	 1.35964e-12 	 0.929286 	 1.85567e-10 
9.891e+14 	 1000 	 0.0706728 	 4.08693e-05 	 1.35963e-12 	 0.929286 	 1.85567e-10 
9.9225e+14 	 1000 	 0.0706723 	 4.08692e-05 	 1.35963e-12 	 0.929287 	 1.85567e-10 
9.954e+14 	 1000 	 0.0706718 	 4.08691e-05 	 1.35962e-12 	 0.929287 	 1.85567e-10 
9.9855e+14 	 1000 	 0.0706713 	 4.0869e-05 	 1.35962e-12 	 0.929288 	 1.85567e-10 
1.0017e+15 	 1000 	 0.0706709 	 4.08689e-05 	 1.35962e-12 	 0.929288 	 1.85567e-10 
1.00485e+15 	 1000 	 0.0706704 	 4.08688e-05 	 1.35961e-12 	 0.929289 	 1.85567e-10 
1.008e+15 	 1000 	 0.07067 	 4.08687e-05 	 1.35961e-12 	 0.929289 	 1.85567e-10 
1.01115e+15 	 1000 	 0.0706695 	 4.08686e-05 	 1.35961e-12 	 0.92929 	 1.85567e-10 
1.0143e+15 	 1000 	 0.0706691 	 4.08685e-05 	 1.3596e-12 	 0.92929 	 1.85567e-10 
1.01745e+15 	 1000 	 0.0706687 	 4.08684e-05 	 1.3596e-12 	 0.92929 	 1.85567e-10 
1.0206e+15 	 1000 	 0.0706683 	 4.08683e-05 	 1.3596e-12 	 0.929291 	 1.85567e-10 
1.02375e+15 	 1000 	 0.0706679 	 4.08682e-05 	 1.35959e-12 	 0.929291 	 1.85568e-10 
1.0269e+15 	 1000 	 0.0706675 	 4.08681e-05 	 1.35959e-12 	 0.929292 	 1.85568e-10 
1.03005e+15 	 1000 	 0.0706672 	 4.0868e-05 	 1.35959e-12 	 0.929292 	 1.85568e-10 
1.0332e+15 	 1000 	 0.0706668 	 4.08679e-05 	 1.35958e-12 	 0.929292 	 1.85568e-10 
1.03635e+15 	 1000 	 0.0706665 	 4.08678e-05 	 1.35958e-12 	 0.929293 	 1.85568e-10 
1.0395e+15 	 1000 	 0.0706661 	 4.08677e-05 	 1.35958e-12 	 0.929293 	 1.85568e-10 
1.04265e+15 	 1000 	 0.0706658 	 4.08677e-05 	 1.35957e-12 	 0.929293 	 1.85568e-10 
1.0458e+15 	 1000 	 0.0706655 	 4.08676e-05 	 1.35957e-12 	 0.929294 	 1.85568e-10 
1.04895e+15 	 1000 	 0.0706652 	 4.08675e-05 	 1.35957e-12 	 0.929294 	 1.85568e-10 
1.0521e+15 	 1000 	 0.0706649 	 4.08674e-05 	 1.35957e-12 	 0.929294 	 1.85568e-10 
1.05525e+15 	 1000 	 0.0706646 	 4.08674e-05 	 1.35956e-12 	 0.929295 	 1.85568e-10 
1.0584e+15 	 1000 	 0.0706643 	 4.08673e-05 	 1.35956e-12 	 0.929295 	 1.85568e-10 
1.06155e+15 	 1000 	 0.070664 	 4.08672e-05 	 1.35956e-12 	 0.929295 	 1.85568e-10 
1.0647e+15 	 1000 	 0.0706638 	 4.08672e-05 	 1.35956e-12 	 0.929295 	 1.85568e-10 
1.06785e+15 	 1000 	 0.0706635 	 4.08671e-05 	 1.35956e-12 	 0.929296 	 1.85568e-10 
1.071e+15 	 1000 	 0.0706633 	 4.08671e-05 	 1.35955e-12 	 0.929296 	 1.85568e-10 
1.07415e+15 	 1000 	 0.070663 	 4.0867e-05 	 1.35955e-12 	 0.929296 	 1.85568e-10 
1.0773e+15 	 1000 	 0.0706628 	 4.08669e-05 	 1.35955e-12 	 0.929296 	 1.85568e-10 
1.08045e+15 	 1000 	 0.0706626 	 4.08669e-05 	 1.35955e-12 	 0.929297 	 1.85568e-10 
1.0836e+15 	 1000 	 0.0706623 	 4.08668e-05 	 1.35955e-12 	 0.929297 	 1.85568e-10 
1.08675e+15 	 1000 	 0.0706621 	 4.08668e-05 	 1.35954e-12 	 0.929297 	 1.85568e-10 
1.0899e+15 	 1000 	 0.0706619 	 4.08667e-05 	 1.35954e-12 	 0.929297 	 1.85568e-10 
1.09305e+15 	 1000 	 0.0706617 	 4.08667e-05 	 1.35954e-12 	 0.929297 	 1.85568e-10 
1.0962e+15 	 1000 	 0.0706615 	 4.08666e-05 	 1.35954e-12 	 0.929298 	 1.85568e-10 
1.09935e+15 	 1000 	 0.0706613 	 4.08666e-05 	 1.35954e-12 	 0.929298 	 1.85568e-10 
1.1025e+15 	 1000 	 0.0706611 	 4.08665e-05 	 1.35954e-12 	 0.929298 	 1.85568e-10 
1.10565e+15 	 1000 	 0.0706609 	 4.08665e-05 	 1.35953e-12 	 0.929298 	 1.85568e-10 
1.1088e+15 	 1000 	 0.0706607 	 4.08664e-05 	 1.35953e-12 	 0.929298 	 1.85568e-10 
1.11195e+15 	 1000 	 0.0706606 	 4.08664e-05 	 1.35953e-12 	 0.929299 	 1.85568e-10 
1.1151e+15 	 1000 	 0.0706604 	 4.08664e-05 	 1.35953e-12 	 0.929299 	 1.85568e-10 
1.11825e+15 	 1000 	 0.0706602 	 4.08663e-05 	 1.35953e-12 	 0.929299 	 1.85568e-10 
1.1214e+15 	 1000 	 0.0706601 	 4.08663e-05 	 1.35953e-12 	 0.929299 	 1.85569e-10 
1.12455e+15 	 1000 	 0.0706599 	 4.08662e-05 	 1.35953e-12 	 0.929299 	 1.85569e-10 
1.1277e+15 	 1000 	 0.0706598 	 4.08662e-05 	 1.35952e-12 	 0.929299 	 1.85569e-10 
1.13085e+15 	 1000 	 0.0706596 	 4.08662e-05 	 1.35952e-12 	 0.9293 	 1.85569e-10 
1.134e+15 	 1000 	 0.0706595 	 4.08661e-05 	 1.35952e-12 	 0.9293 	 1.85569e-10 
1.13715e+15 	 1000 	 0.0706593 	 4.08661e-05 	 1.35952e-12 	 0.9293 	 1.85569e-10 
1.1403e+15 	 1000 	 0.0706592 	 4.08661e-05 	 1.35952e-12 	 0.9293 	 1.85569e-10 
1.14345e+15 	 1000 	 0.0706591 	 4.0866e-05 	 1.35952e-12 	 0.9293 	 1.85569e-10 
1.1466e+15 	 1000 	 0.0706589 	 4.0866e-05 	 1.35952e-12 	 0.9293 	 1.85569e-10 
1.14975e+15 	 1000 	 0.0706588 	 4.0866e-05 	 1.35952e-12 	 0.9293 	 1.85569e-10 
1.1529e+15 	 1000 	 0.0706587 	 4.0866e-05 	 1.35952e-12 	 0.9293 	 1.85569e-10 
1.15605e+15 	 1000 	 0.0706586 	 4.08659e-05 	 1.35951e-12 	 0.929301 	 1.85569e-10 
1.1592e+15 	 1000 	 0.0706585 	 4.08659e-05 	 1.35951e-12 	 0.929301 	 1.85569e-10 
1.16235e+15 	 1000 	 0.0706583 	 4.08659e-05 	 1.35951e-12 	 0.929301 	 1.85569e-10 
1.1655e+15 	 1000 	 0.0706582 	 4.08658e-05 	 1.35951e-12 	 0.929301 	 1.85569e-10 
1.16865e+15 	 1000 	 0.0706581 	 4.08658e-05 	 1.35951e-12 	 0.929301 	 1.85569e-10 
1.1718e+15 	 1000 	 0.070658 	 4.08658e-05 	 1.35951e-12 	 0.929301 	 1.85569e-10 
1.17495e+15 	 1000 	 0.0706579 	 4.08658e-05 	 1.35951e-12 	 0.929301 	 1.85569e-10 
1.1781e+15 	 1000 	 0.0706578 	 4.08657e-05 	 1.35951e-12 	 0.929301 	 1.85569e-10 
1.18125e+15 	 1000 	 0.0706577 	 4.08657e-05 	 1.35951e-12 	 0.929301 	 1.85569e-10 
1.1844e+15 	 1000 	 0.0706576 	 4.08657e-05 	 1.35951e-12 	 0.929301 	 1.85569e-10 
1.18755e+15 	 1000 	 0.0706576 	 4.08657e-05 	 1.35951e-12 	 0.929302 	 1.85569e-10 
1.1907e+15 	 1000 	 0.0706575 	 4.08657e-05 	 1.35951e-12 	 0.929302 	 1.85569e-10 
1.19385e+15 	 1000 	 0.0706574 	 4.08656e-05 	 1.3595e-12 	 0.929302 	 1.85569e-10 
1.197e+15 	 1000 	 0.0706573 	 4.08656e-05 	 1.3595e-12 	 0.929302 	 1.85569e-10 
1.20015e+15 	 1000 	 0.0706572 	 4.08656e-05 	 1.3595e-12 	 0.929302 	 1.85569e-10 
1.2033e+15 	 1000 	 0.0706571 	 4.08656e-05 	 1.3595e-12 	 0.929302 	 1.85569e-10 
1.20645e+15 	 1000 	 0.0706571 	 4.08656e-05 	 1.3595e-12 	 0.929302 	 1.85569e-10 
1.2096e+15 	 1000 	 0.070657 	 4.08655e-05 	 1.3595e-12 	 0.929302 	 1.85569e-10 
1.21275e+15 	 1000 	 0.0706569 	 4.08655e-05 	 1.3595e-12 	 0.929302 	 1.85569e-10 
1.2159e+15 	 1000 	 0.0706569 	 4.08655e-05 	 1.3595e-12 	 0.929302 	 1.85569e-10 
1.21905e+15 	 1000 	 0.0706568 	 4.08655e-05 	 1.3595e-12 	 0.929302 	 1.85569e-10 
1.2222e+15 	 1000 	 0.0706567 	 4.08655e-05 	 1.3595e-12 	 0.929302 	 1.85569e-10 
1.22535e+15 	 1000 	 0.0706567 	 4.08655e-05 	 1.3595e-12 	 0.929302 	 1.85569e-10 
1.2285e+15 	 1000 	 0.0706566 	 4.08655e-05 	 1.3595e-12 	 0.929303 	 1.85569e-10 
1.23165e+15 	 1000 	 0.0706565 	 4.08654e-05 	 1.3595e-12 	 0.929303 	 1.85569e-10 
1.2348e+15 	 1000 	 0.0706565 	 4.08654e-05 	 1.3595e-12 	 0.929303 	 1.85569e-10 
1.23795e+15 	 1000 	 0.0706564 	 4.08654e-05 	 1.3595e-12 	 0.929303 	 1.85569e-10 
1.2411e+15 	 1000 	 0.0706564 	 4.08654e-05 	 1.3595e-12 	 0.929303 	 1.85569e-10 
1.24425e+15 	 1000 	 0.0706563 	 4.08654e-05 	 1.3595e-12 	 0.929303 	 1.85569e-10 
1.2474e+15 	 1000 	 0.0706563 	 4.08654e-05 	 1.3595e-12 	 0.929303 	 1.85569e-10 
1.25055e+15 	 1000 	 0.0706562 	 4.08654e-05 	 1.3595e-12 	 0.929303 	 1.85569e-10 
1.2537e+15 	 1000 	 0.0706562 	 4.08653e-05 	 1.35949e-12 	 0.929303 	 1.85569e-10 
1.25685e+15 	 1000 	 0.0706561 	 4.08653e-05 	 1.35949e-12 	 0.929303 	 1.85569e-10 
1.26e+15 	 1000 	 0.0706561 	 4.08653e-05 	 1.35949e-12 	 0.929303 	 1.85569e-10 
1.26315e+15 	 1000 	 0.070656 	 4.08653e-05 	 1.35949e-12 	 0.929303 	 1.85569e-10 
1.2663e+15 	 1000 	 0.070656 	 4.08653e-05 	 1.35949e-12 	 0.929303 	 1.85569e-10 
1.26945e+15 	 1000 	 0.0706559 	 4.08653e-05 	 1.35949e-12 	 0.929303 	 1.85569e-10 
1.2726e+15 	 1000 	 0.0706559 	 4.08653e-05 	 1.35949e-12 	 0.929303 	 1.85569e-10 
1.27575e+15 	 1000 	 0.0706559 	 4.08653e-05 	 1.35949e-12 	 0.929303 	 1.85569e-10 
1.2789e+15 	 1000 	 0.0706558 	 4.08653e-05 	 1.35949e-12 	 0.929303 	 1.85569e-10 
1.28205e+15 	 1000 	 0.0706558 	 4.08653e-05 	 1.35949e-12 	 0.929303 	 1.85569e-10 
1.2852e+15 	 1000 	 0.0706557 	 4.08652e-05 	 1.35949e-12 	 0.929303 	 1.85569e-10 
1.28835e+15 	 1000 	 0.0706557 	 4.08652e-05 	 1.35949e-12 	 0.929303 	 1.85569e-10 
1.2915e+15 	 1000 	 0.0706557 	 4.08652e-05 	 1.35949e-12 	 0.929303 	 1.85569e-10 
1.29465e+15 	 1000 	 0.0706556 	 4.08652e-05 	 1.35949e-12 	 0.929303 	 1.85569e-10 
1.2978e+15 	 1000 	 0.0706556 	 4.08652e-05 	 1.35949e-12 	 0.929304 	 1.85569e-10 
1.30095e+15 	 1000 	 0.0706556 	 4.08652e-05 	 1.35949e-12 	 0.929304 	 1.85569e-10 
1.3041e+15 	 1000 	 0.0706555 	 4.08652e-05 	 1.35949e-12 	 0.929304 	 1.85569e-10 
1.30725e+15 	 1000 	 0.0706555 	 4.08652e-05 	 1.35949e-12 	 0.929304 	 1.85569e-10 
1.3104e+15 	 1000 	 0.0706555 	 4.08652e-05 	 1.35949e-12 	 0.929304 	 1.85569e-10 
1.31355e+15 	 1000 	 0.0706555 	 4.08652e-05 	 1.35949e-12 	 0.929304 	 1.85569e-10 
1.3167e+15 	 1000 	 0.0706554 	 4.08652e-05 	 1.35949e-12 	 0.929304 	 1.85569e-10 
1.31985e+15 	 1000 	 0.0706554 	 4.08652e-05 	 1.35949e-12 	 0.929304 	 1.85569e-10 
1.323e+15 	 1000 	 0.0706554 	 4.08652e-05 	 1.35949e-12 	 0.929304 	 1.85569e-10 
1.32615e+15 	 1000 	 0.0706553 	 4.08652e-05 	 1.35949e-12 	 0.929304 	 1.85569e-10 
1.3293e+15 	 1000 	 0.0706553 	 4.08651e-05 	 1.35949e-12 	 0.929304 	 1.85569e-10 
1.33245e+15 	 1000 	 0.0706553 	 4.08651e-05 	 1.35949e-12 	 0.929304 	 1.85569e-10 
1.3356e+15 	 1000 	 0.0706553 	 4.08651e-05 	 1.35949e-12 	 0.929304 	 1.85569e-10 
1.33875e+15 	 1000 	 0.0706553 	 4.08651e-05 	 1.35949e-12 	 0.929304 	 1.85569e-10 
1.3419e+15 	 1000 	 0.0706552 	 4.08651e-05 	 1.35949e-12 	 0.929304 	 1.85569e-10 
1.34505e+15 	 1000 	 0.0706552 	 4.08651e-05 	 1.35949e-12 	 0.929304 	 1.85569e-10 
1.3482e+15 	 1000 	 0.0706552 	 4.08651e-05 	 1.35949e-12 	 0.929304 	 1.85569e-10 
1.35135e+15 	 1000 	 0.0706552 	 4.08651e-05 	 1.35949e-12 	 0.929304 	 1.85569e-10 
1.3545e+15 	 1000 	 0.0706551 	 4.08651e-05 	 1.35949e-12 	 0.929304 	 1.85569e-10 
1.35765e+15 	 1000 	 0.0706551 	 4.08651e-05 	 1.35949e-12 	 0.929304 	 1.85569e-10 
1.3608e+15 	 1000 	 0.0706551 	 4.08651e-05 	 1.35949e-12 	 0.929304 	 1.85569e-10 
1.36395e+15 	 1000 	 0.0706551 	 4.08651e-05 	 1.35949e-12 	 0.929304 	 1.85569e-10 
1.3671e+15 	 1000 	 0.0706551 	 4.08651e-05 	 1.35949e-12 	 0.929304 	 1.85569e-10 
1.37025e+15 	 1000 	 0.0706551 	 4.08651e-05 	 1.35949e-12 	 0.929304 	 1.85569e-10 
1.3734e+15 	 1000 	 0.070655 	 4.08651e-05 	 1.35949e-12 	 0.929304 	 1.85569e-10 
1.37655e+15 	 1000 	 0.070655 	 4.08651e-05 	 1.35949e-12 	 0.929304 	 1.85569e-10 
1.3797e+15 	 1000 	 0.070655 	 4.08651e-05 	 1.35949e-12 	 0.929304 	 1.85569e-10 
1.38285e+15 	 1000 	 0.070655 	 4.08651e-05 	 1.35949e-12 	 0.929304 	 1.85569e-10 
1.386e+15 	 1000 	 0.070655 	 4.08651e-05 	 1.35948e-12 	 0.929304 	 1.85569e-10 
1.38915e+15 	 1000 	 0.070655 	 4.08651e-05 	 1.35948e-12 	 0.929304 	 1.85569e-10 
1.3923e+15 	 1000 	 0.0706549 	 4.08651e-05 	 1.35948e-12 	 0.929304 	 1.85569e-10 
1.39545e+15 	 1000 	 0.0706549 	 4.08651e-05 	 1.35948e-12 	 0.929304 	 1.85569e-10 
1.3986e+15 	 1000 	 0.0706549 	 4.0865e-05 	 1.35948e-12 	 0.929304 	 1.85569e-10 
1.40175e+15 	 1000 	 0.0706549 	 4.0865e-05 	 1.35948e-12 	 0.929304 	 1.85569e-10 
1.4049e+15 	 1000 	 0.0706549 	 4.0865e-05 	 1.35948e-12 	 0.929304 	 1.85569e-10 
1.40805e+15 	 1000 	 0.0706549 	 4.0865e-05 	 1.35948e-12 	 0.929304 	 1.85569e-10 
1.4112e+15 	 1000 	 0.0706549 	 4.0865e-05 	 1.35948e-12 	 0.929304 	 1.85569e-10 
1.41435e+15 	 1000 	 0.0706549 	 4.0865e-05 	 1.35948e-12 	 0.929304 	 1.85569e-10 
1.4175e+15 	 1000 	 0.0706548 	 4.0865e-05 	 1.35948e-12 	 0.929304 	 1.85569e-10 
1.42065e+15 	 1000 	 0.0706548 	 4.0865e-05 	 1.35948e-12 	 0.929304 	 1.85569e-10 
1.4238e+15 	 1000 	 0.0706548 	 4.0865e-05 	 1.35948e-12 	 0.929304 	 1.85569e-10 
1.42695e+15 	 1000 	 0.0706548 	 4.0865e-05 	 1.35948e-12 	 0.929304 	 1.85569e-10 
1.4301e+15 	 1000 	 0.0706548 	 4.0865e-05 	 1.35948e-12 	 0.929304 	 1.85569e-10 
1.43325e+15 	 1000 	 0.0706548 	 4.0865e-05 	 1.35948e-12 	 0.929304 	 1.85569e-10 
1.4364e+15 	 1000 	 0.0706548 	 4.0865e-05 	 1.35948e-12 	 0.929304 	 1.85569e-10 
1.43955e+15 	 1000 	 0.0706548 	 4.0865e-05 	 1.35948e-12 	 0.929304 	 1.85569e-10 
1.4427e+15 	 1000 	 0.0706548 	 4.0865e-05 	 1.35948e-12 	 0.929304 	 1.85569e-10 
1.44585e+15 	 1000 	 0.0706548 	 4.0865e-05 	 1.35948e-12 	 0.929304 	 1.85569e-10 
1.449e+15 	 1000 	 0.0706548 	 4.0865e-05 	 1.35948e-12 	 0.929304 	 1.85569e-10 
1.45215e+15 	 1000 	 0.0706547 	 4.0865e-05 	 1.35948e-12 	 0.929304 	 1.85569e-10 
1.4553e+15 	 1000 	 0.0706547 	 4.0865e-05 	 1.35948e-12 	 0.929304 	 1.85569e-10 
1.45845e+15 	 1000 	 0.0706547 	 4.0865e-05 	 1.35948e-12 	 0.929304 	 1.85569e-10 
1.4616e+15 	 1000 	 0.0706547 	 4.0865e-05 	 1.35948e-12 	 0.929304 	 1.85569e-10 
1.46475e+15 	 1000 	 0.0706547 	 4.0865e-05 	 1.35948e-12 	 0.929304 	 1.85569e-10 
1.4679e+15 	 1000 	 0.0706547 	 4.0865e-05 	 1.35948e-12 	 0.929304 	 1.85569e-10 
1.47105e+15 	 1000 	 0.0706547 	 4.0865e-05 	 1.35948e-12 	 0.929304 	 1.85569e-10 
1.4742e+15 	 1000 	 0.0706547 	 4.0865e-05 	 1.35948e-12 	 0.929304 	 1.85569e-10 
1.47735e+15 	 1000 	 0.0706547 	 4.0865e-05 	 1.35948e-12 	 0.929304 	 1.85569e-10 
1.4805e+15 	 1000 	 0.0706547 	 4.0865e-05 	 1.35948e-12 	 0.929304 	 1.85569e-10 
1.48365e+15 	 1000 	 0.0706547 	 4.0865e-05 	 1.35948e-12 	 0.929304 	 1.85569e-10 
1.4868e+15 	 1000 	 0.0706547 	 4.0865e-05 	 1.35948e-12 	 0.929304 	 1.85569e-10 
1.48995e+15 	 1000 	 0.0706547 	 4.0865e-05 	 1.35948e-12 	 0.929304 	 1.85569e-10 
1.4931e+15 	 1000 	 0.0706547 	 4.0865e-05 	 1.35948e-12 	 0.929304 	 1.85569e-10 
1.49625e+15 	 1000 	 0.0706547 	 4.0865e-05 	 1.35948e-12 	 0.929304 	 1.85569e-10 
1.4994e+15 	 1000 	 0.0706546 	 4.0865e-05 	 1.35948e-12 	 0.929304 	 1.85569e-10 
1.50255e+15 	 1000 	 0.0706546 	 4.0865e-05 	 1.35948e-12 	 0.929304 	 1.85569e-10 
1.5057e+15 	 1000 	 0.0706546 	 4.0865e-05 	 1.35948e-12 	 0.929305 	 1.85569e-10 
1.50885e+15 	 1000 	 0.0706546 	 4.0865e-05 	 1.35948e-12 	 0.929305 	 1.85569e-10 
